0.5421052575111389 400, 300, 80
0.5431579351425171 600, 300, 40
0.5463157892227173 1200, 200, 30
0.5602631568908691 1200, 600, 40
0.5610526204109192 1200, 300, 30
0.5615789890289307 1200, 300, 40
0.5628947019577026 600, 200, 20
0.5639473795890808 1200, 200, 20
0.5676316022872925 800, 200, 30
0.567894697189331 800, 100, 30
0.5692105293273926 1200, 300, 20
0.5705263018608093 1200, 200, 40
0.5710526704788208 1200, 100, 40
0.5713157653808594 1200, 100, 80
0.5715789794921875 600, 200, 40
0.574210524559021 800, 600, 20
0.5763157606124878 600, 200, 30
0.5763157606124878 800, 100, 80
0.5773683786392212 400, 600, 20
0.5778947472572327 800, 300, 40
0.578157901763916 1200, 300, 80
0.5784210562705994 800, 600, 40
0.5794736742973328 800, 100, 20
0.5797368288040161 200, 600, 20
0.5810526609420776 800, 300, 80
0.5823684334754944 600, 600, 20
0.5834210515022278 1200, 600, 80
0.5836842060089111 1200, 200, 80
0.5847368240356445 600, 600, 30
0.5863157510757446 200, 200, 80
0.5876315832138062 400, 200, 30
0.5876315832138062 600, 200, 80
0.5886842012405396 800, 200, 20
0.5894736647605896 200, 300, 20
0.591315746307373 600, 100, 30
0.5915789604187012 600, 600, 80
0.5928947329521179 400, 200, 20
0.5928947329521179 600, 300, 30
0.5928947329521179 600, 600, 40
0.5928947329521179 800, 300, 20
0.5942105054855347 200, 600, 40
0.5944737195968628 1200, 100, 20
0.5947368741035461 200, 300, 40
0.5960526466369629 1200, 100, 30
0.5965789556503296 800, 100, 40
0.5973684191703796 600, 300, 20
0.5978947281837463 200, 600, 30
0.5997368693351746 400, 600, 30
0.6000000238418579 600, 100, 80
0.6007894277572632 200, 100, 40
0.6010526418685913 200, 100, 20
0.6013157963752747 1200, 600, 20
0.6013157963752747 600, 100, 20
0.6013157963752747 800, 200, 80
0.601578950881958 400, 300, 40
0.6028947234153748 800, 600, 80
0.6031578779220581 600, 100, 40
0.6057894825935364 400, 600, 40
0.6060526371002197 200, 100, 80
0.6060526371002197 200, 200, 40
0.6060526371002197 400, 200, 80
0.6063157916069031 800, 300, 30
0.6065789461135864 200, 600, 80
0.6078947186470032 400, 100, 40
0.6078947186470032 400, 200, 40
0.6081578731536865 800, 200, 40
0.6084210276603699 400, 600, 80
0.609473705291748 400, 100, 30
0.6110526323318481 1200, 600, 30
0.6126315593719482 400, 100, 80
0.6131578683853149 400, 300, 30
0.6147368550300598 600, 300, 80
0.6176315546035767 200, 100, 30
0.6176315546035767 200, 300, 30
0.6226315498352051 200, 200, 20
0.6244736909866333 400, 300, 20
0.6263157725334167 400, 100, 20
0.6284210681915283 800, 600, 30
0.6357894539833069 200, 200, 30
0.6360526084899902 200, 300, 80